#JOSM PicLayer plugin calibration data
#Tue Aug 07 17:56:45 CEST 2018
POSITION_Y=5978362.685112556
POSITION_X=-180363.80918272102
M12=-330.3739653737986
M11=0.22365070440065601
M10=0.012730569105618072
M02=-1062.9956877551533
INITIAL_SCALE=81.10922088888896
M01=-0.012730569105618072
M00=0.22365070440065601
