#JOSM PicLayer plugin calibration data
#Mon Aug 06 17:37:36 CEST 2018
POSITION_Y=5979879.224353593
POSITION_X=-183769.3970079084
M12=940.3740728005306
M11=0.22347721242926624
M10=0.013227293786425978
M02=1789.6594696368097
INITIAL_SCALE=81.11065903412803
M01=-0.013227293786425978
M00=0.22347721242926624
