#JOSM PicLayer plugin calibration data
#Mon Aug 06 17:37:32 CEST 2018
POSITION_Y=5976980.29153378
POSITION_X=-182426.22643762422
M12=-743.4127237414949
M11=0.1121224506541942
M10=0.006615802650137226
M02=332.7061874945046
INITIAL_SCALE=162.20816297492038
M01=-0.006615802650137226
M00=0.1121224506541942
