#JOSM PicLayer plugin calibration data
#Tue Aug 07 17:56:43 CEST 2018
POSITION_Y=5978571.89124756
POSITION_X=-181574.65270434725
M12=-308.75544843578086
M11=0.4475697915703972
M10=0.02664193477264149
M02=-106.86695399828236
INITIAL_SCALE=40.55428156985843
M01=-0.02664193477264149
M00=0.4475697915703972
